-10.000000 100.000000
-9.943750 98.878164
-9.887500 97.762656
-9.831250 96.653477
-9.775000 95.550625
-9.718750 94.454102
-9.662500 93.363906
-9.606250 92.280039
-9.550000 91.202500
-9.493750 90.131289
-9.437500 89.066406
-9.381250 88.007852
-9.325000 86.955625
-9.268750 85.909727
-9.212500 84.870156
-9.156250 83.836914
-9.100000 82.810000
-9.043750 81.789414
-8.987500 80.775156
-8.931250 79.767227
-8.875000 78.765625
-8.818750 77.770352
-8.762500 76.781406
-8.706250 75.798789
-8.650000 74.822500
-8.593750 73.852539
-8.537500 72.888906
-8.481250 71.931602
-8.425000 70.980625
-8.368750 70.035977
-8.312500 69.097656
-8.256250 68.165664
-8.200000 67.240000
-8.143750 66.320664
-8.087500 65.407656
-8.031250 64.500977
-7.975000 63.600625
-7.918750 62.706602
-7.862500 61.818906
-7.806250 60.937539
-7.750000 60.062500
-7.693750 59.193789
-7.637500 58.331406
-7.581250 57.475352
-7.525000 56.625625
-7.468750 55.782227
-7.412500 54.945156
-7.356250 54.114414
-7.300000 53.290000
-7.243750 52.471914
-7.187500 51.660156
-7.131250 50.854727
-7.075000 50.055625
-7.018750 49.262852
-6.962500 48.476406
-6.906250 47.696289
-6.850000 46.922500
-6.793750 46.155039
-6.737500 45.393906
-6.681250 44.639102
-6.625000 43.890625
-6.568750 43.148477
-6.512500 42.412656
-6.456250 41.683164
-6.400000 40.960000
-6.343750 40.243164
-6.287500 39.532656
-6.231250 38.828477
-6.175000 38.130625
-6.118750 37.439102
-6.062500 36.753906
-6.006250 36.075039
-5.950000 35.402500
-5.893750 34.736289
-5.837500 34.076406
-5.781250 33.422852
-5.725000 32.775625
-5.668750 32.134727
-5.612500 31.500156
-5.556250 30.871914
-5.500000 30.250000
-5.443750 29.634414
-5.387500 29.025156
-5.331250 28.422227
-5.275000 27.825625
-5.218750 27.235352
-5.162500 26.651406
-5.106250 26.073789
-5.050000 25.502500
-4.993750 24.937539
-4.937500 24.378906
-4.881250 23.826602
-4.825000 23.280625
-4.768750 22.740977
-4.712500 22.207656
-4.656250 21.680664
-4.600000 21.160000
-4.543750 20.645664
-4.487500 20.137656
-4.431250 19.635977
-4.375000 19.140625
-4.318750 18.651602
-4.262500 18.168906
-4.206250 17.692539
-4.150000 17.222500
-4.093750 16.758789
-4.037500 16.301406
-3.981250 15.850352
-3.925000 15.405625
-3.868750 14.967227
-3.812500 14.535156
-3.756250 14.109414
-3.700000 13.690000
-3.643750 13.276914
-3.587500 12.870156
-3.531250 12.469727
-3.475000 12.075625
-3.418750 11.687852
-3.362500 11.306406
-3.306250 10.931289
-3.250000 10.562500
-3.193750 10.200039
-3.137500 9.843906
-3.081250 9.494102
-3.025000 9.150625
-2.968750 8.813477
-2.912500 8.482656
-2.856250 8.158164
-2.800000 7.840000
-2.743750 7.528164
-2.687500 7.222656
-2.631250 6.923477
-2.575000 6.630625
-2.518750 6.344102
-2.462500 6.063906
-2.406250 5.790039
-2.350000 5.522500
-2.293750 5.261289
-2.237500 5.006406
-2.181250 4.757852
-2.125000 4.515625
-2.068750 4.279727
-2.012500 4.050156
-1.956250 3.826914
-1.900000 3.610000
-1.843750 3.399414
-1.787500 3.195156
-1.731250 2.997227
-1.675000 2.805625
-1.618750 2.620352
-1.562500 2.441406
-1.506250 2.268789
-1.450000 2.102500
-1.393750 1.942539
-1.337500 1.788906
-1.281250 1.641602
-1.225000 1.500625
-1.168750 1.365977
-1.112500 1.237656
-1.056250 1.115664
