125 1
200.000000 
600.000000 
1000.000000 
1400.000000 
1800.000000 
2200.000000 
2600.000000 
3000.000000 
3400.000000 
3800.000000 
4200.000000 
4600.000000 
5000.000000 
5400.000000 
5800.000000 
6200.000000 
6600.000000 
7000.000000 
7400.000000 
7800.000000 
8200.000000 
8600.000000 
9000.000000 
9400.000000 
9800.000000 
10200.000000 
10600.000000 
11000.000000 
11400.000000 
11800.000000 
12200.000000 
12600.000000 
13000.000000 
13400.000000 
13800.000000 
14200.000000 
14600.000000 
15000.000000 
15400.000000 
15800.000000 
16200.000000 
16600.000000 
17000.000000 
17400.000000 
17800.000000 
18200.000000 
18600.000000 
19000.000000 
19400.000000 
19800.000000 
20200.000000 
20600.000000 
21000.000000 
21400.000000 
21800.000000 
22200.000000 
22600.000000 
23000.000000 
23400.000000 
23800.000000 
24200.000000 
24600.000000 
25000.000000 
25400.000000 
25800.000000 
26200.000000 
26600.000000 
27000.000000 
27400.000000 
27800.000000 
28200.000000 
28600.000000 
29000.000000 
29400.000000 
29800.000000 
30200.000000 
30600.000000 
31000.000000 
31400.000000 
31800.000000 
32200.000000 
32600.000000 
33000.000000 
33400.000000 
33800.000000 
34200.000000 
34600.000000 
35000.000000 
35400.000000 
35800.000000 
36200.000000 
36600.000000 
37000.000000 
37400.000000 
37800.000000 
38200.000000 
38600.000000 
39000.000000 
39400.000000 
39800.000000 
40200.000000 
40600.000000 
41000.000000 
41400.000000 
41800.000000 
42200.000000 
42600.000000 
43000.000000 
43400.000000 
43800.000000 
44200.000000 
44600.000000 
45000.000000 
45400.000000 
45800.000000 
46200.000000 
46600.000000 
47000.000000 
47400.000000 
47800.000000 
48200.000000 
48600.000000 
49000.000000 
49400.000000 
49800.000000 
