125 1
0.305898
0.305962
0.360170
0.467055
0.578638
0.687079
0.757037
0.811806
0.878893
0.897074
0.954929
1.060941
1.037755
1.030055
1.040603
0.990680
0.997647
0.982831
1.025562
0.934898
0.875714
0.741232
0.700365
0.585199
0.534703
0.486918
0.444850
0.256277
0.170701
0.027680
-0.016448
-0.139697
-0.178224
-0.296185
-0.401493
-0.564467
-0.652512
-0.677025
-0.714309
-0.750837
-0.841119
-0.877261
-0.986561
-1.041744
-1.031668
-0.949209
-0.962327
-0.965151
-0.985122
-0.940505
-0.939054
-0.840379
-0.730990
-0.611384
-0.611043
-0.537539
-0.450124
-0.382388
-0.291796
-0.162650
-0.012035
0.010429
0.118836
0.212901
0.344378
0.416460
0.530233
0.653178
0.655358
0.731202
0.836068
0.899810
0.932013
1.002346
0.994337
1.037672
1.017603
1.018677
0.996439
1.016786
0.987177
0.891782
0.848806
0.775255
0.736182
0.631569
0.600496
0.510956
0.464194
0.292190
0.209960
0.101831
0.025801
-0.106255
-0.191636
-0.265687
-0.347314
-0.506648
-0.588374
-0.648755
-0.714876
-0.734894
-0.806047
-0.869806
-0.912299
-0.999556
-1.009549
-1.013020
-0.978382
-0.912488
-0.943004
-0.934104
-0.890487
-0.860171
-0.811507
-0.737214
-0.602062
-0.548048
-0.503129
-0.420682
-0.333650
-0.232105
-0.150996
-0.013795
0.128900
