Eigenvectors assotiated:
0.000000  0.000000  0.000000  0.000000  0.000000  0.000000  0.000000  0.000000  0.000000  0.000000  0.000000  -0.000027  -0.000045  0.000154  0.000132  
-0.000000  -0.000000  -0.000000  -0.000000  -0.000000  -0.000000  -0.000000  -0.000000  -0.000000  -0.000000  -0.000000  -0.000995  -0.002018  -0.001022  -0.007638  
0.332450  -0.007110  -0.308067  -0.132927  -0.099383  -0.257801  -0.756270  -0.196586  0.152648  -0.252974  -0.051242  0.000000  0.000000  0.000000  0.000000  
-0.000000  -0.000000  -0.000000  -0.000000  -0.000000  -0.000000  -0.000000  -0.000000  -0.000000  -0.000000  -0.000000  0.000168  0.000270  -0.001232  -0.001420  
-0.000000  -0.000000  -0.000000  -0.000000  -0.000000  -0.000000  -0.000000  -0.000000  -0.000000  -0.000000  -0.000000  0.000188  0.000311  0.000464  0.002150  
0.000000  0.000000  0.000000  0.000000  0.000000  0.000000  0.000000  0.000000  0.000000  0.000000  0.000000  0.001639  0.002742  0.005856  0.019818  
-0.000000  -0.000000  -0.000000  -0.000000  -0.000000  -0.000000  -0.000000  -0.000000  -0.000000  -0.000000  -0.000000  -0.035497  -0.042831  -0.079208  -0.208993  
-0.000000  0.000000  0.000000  0.000000  0.000000  0.000000  0.000000  0.000000  0.000000  0.000000  0.000000  0.345079  0.211420  0.165271  0.240276  
0.381101  0.645270  0.006688  0.237536  -0.136510  0.269880  -0.006748  0.017125  -0.251202  0.016738  -0.163488  -0.000000  -0.000000  -0.000000  -0.000000  
-0.000000  -0.000000  -0.000000  -0.000000  -0.000000  -0.000000  -0.000000  -0.000000  -0.000000  -0.000000  -0.000000  -0.084840  0.005916  -0.118741  0.092478  
0.000000  0.000000  -0.000000  -0.000000  -0.000000  -0.000000  -0.000000  -0.000000  -0.000000  -0.000000  -0.000000  -0.001239  -0.002147  -0.002416  -0.010468  
0.000000  0.000000  0.000000  0.000000  0.000000  0.000000  0.000000  0.000000  0.000000  0.000000  0.000000  -0.000163  -0.000261  0.000632  -0.001389  
-0.000000  -0.000000  -0.000000  -0.000000  -0.000000  -0.000000  -0.000000  -0.000000  -0.000000  -0.000000  -0.000000  0.000085  0.000136  -0.000518  -0.000512  
-0.000000  -0.000000  -0.000000  -0.000000  -0.000000  -0.000000  -0.000000  -0.000000  -0.000000  -0.000000  -0.000000  0.028533  -0.078673  0.078161  0.097704  
0.000000  0.000000  0.000000  0.000000  0.000000  0.000000  0.000000  0.000000  0.000000  0.000000  0.000000  -0.000666  -0.000991  0.001781  0.000182  
-0.000000  -0.000000  -0.000000  -0.000000  -0.000000  -0.000000  -0.000000  -0.000000  -0.000000  -0.000000  -0.000000  -0.000594  -0.000439  0.001339  0.002371  
-0.000000  -0.000000  -0.000000  -0.000000  -0.000000  -0.000000  -0.000000  -0.000000  -0.000000  -0.000000  -0.000000  -0.012139  -0.013947  0.012494  -0.004190  
0.000000  0.000000  0.000000  0.000000  0.000000  0.000000  0.000000  0.000000  0.000000  0.000000  0.000000  -0.004566  -0.004326  0.006153  0.002925  
0.000000  -0.000000  -0.000000  -0.000000  -0.000000  -0.000000  -0.000000  -0.000000  -0.000000  -0.000000  -0.000000  0.000329  0.000526  0.000771  0.003202  
-0.000000  -0.000000  -0.000000  -0.000000  -0.000000  -0.000000  -0.000000  -0.000000  -0.000000  -0.000000  -0.000000  -0.169983  -0.129747  -0.138129  -0.261409  
-0.000000  -0.000000  -0.000000  -0.000000  -0.000000  -0.000000  -0.000000  -0.000000  -0.000000  -0.000000  -0.000000  0.007798  0.000635  -0.000911  -0.007642  
-0.000000  -0.000000  -0.000000  -0.000000  -0.000000  -0.000000  -0.000000  -0.000000  -0.000000  -0.000000  -0.000000  0.004538  0.007076  -0.000658  0.025246  
-0.000000  -0.000000  -0.000000  -0.000000  -0.000000  -0.000000  -0.000000  -0.000000  -0.000000  -0.000000  -0.000000  0.261908  0.226663  -0.309271  -0.167502  
-0.000000  0.000000  0.000000  0.000000  0.000000  0.000000  0.000000  0.000000  0.000000  0.000000  0.000000  0.006540  0.010944  0.009166  0.043885  
0.291907  0.017518  0.757375  -0.450283  -0.204192  -0.132134  -0.004360  -0.089507  -0.104099  -0.112096  0.218001  -0.000000  -0.000000  -0.000000  -0.000000  
-0.000000  0.000000  0.000000  0.000000  0.000000  0.000000  0.000000  0.000000  0.000000  0.000000  0.000000  0.061270  0.047849  -0.043775  -0.101420  
-0.000000  -0.000000  -0.000000  -0.000000  -0.000000  -0.000000  -0.000000  -0.000000  -0.000000  -0.000000  -0.000000  0.000219  0.000348  -0.001047  -0.000788  
0.000000  0.000000  0.000000  0.000000  0.000000  0.000000  0.000000  0.000000  0.000000  0.000000  0.000000  0.020837  0.022070  0.021813  0.061402  
0.000000  0.000000  0.000000  0.000000  0.000000  0.000000  0.000000  0.000000  0.000000  0.000000  0.000000  0.025329  0.030931  -0.022972  0.026875  
0.000000  0.000000  -0.000000  -0.000000  -0.000000  -0.000000  -0.000000  -0.000000  -0.000000  -0.000000  -0.000000  0.014675  0.016646  -0.023017  -0.021268  
0.000000  0.000000  0.000000  0.000000  0.000000  0.000000  0.000000  0.000000  0.000000  0.000000  0.000000  -0.001032  -0.001606  0.005945  0.005885  
-0.000000  0.000000  0.000000  0.000000  0.000000  0.000000  0.000000  0.000000  0.000000  0.000000  0.000000  0.002012  0.003410  0.006715  0.023533  
0.352721  -0.262971  -0.159422  -0.120163  0.252020  0.013675  0.265307  0.384733  -0.281333  -0.609055  -0.185405  0.000000  0.000000  0.000000  0.000000  
-0.000000  -0.000000  -0.000000  -0.000000  -0.000000  -0.000000  -0.000000  -0.000000  -0.000000  -0.000000  -0.000000  0.004432  0.006515  -0.013371  -0.004158  
0.000000  0.000000  0.000000  0.000000  0.000000  0.000000  0.000000  0.000000  0.000000  0.000000  0.000000  0.016859  0.022297  0.064850  0.157778  
-0.000000  -0.000000  -0.000000  -0.000000  -0.000000  -0.000000  -0.000000  -0.000000  -0.000000  -0.000000  -0.000000  -0.007851  -0.012633  -0.025246  -0.085280  
-0.000000  -0.000000  -0.000000  -0.000000  -0.000000  -0.000000  -0.000000  -0.000000  -0.000000  -0.000000  -0.000000  0.000303  0.000534  -0.001838  0.006899  
0.000000  0.000000  0.000000  0.000000  0.000000  0.000000  0.000000  0.000000  0.000000  0.000000  0.000000  -0.004066  -0.003194  0.005833  -0.002668  
0.000000  0.000000  0.000000  0.000000  0.000000  0.000000  0.000000  0.000000  0.000000  0.000000  0.000000  -0.168274  -0.089103  0.168448  0.151352  
-0.000000  -0.000000  -0.000000  -0.000000  -0.000000  -0.000000  -0.000000  -0.000000  -0.000000  -0.000000  -0.000000  -0.005775  -0.006404  -0.002929  -0.013339  
-0.000000  -0.000000  -0.000000  -0.000000  -0.000000  -0.000000  -0.000000  -0.000000  -0.000000  -0.000000  -0.000000  0.051650  0.053985  -0.076976  -0.031595  
0.000000  0.000000  0.000000  0.000000  0.000000  0.000000  0.000000  0.000000  0.000000  0.000000  0.000000  0.242535  0.229819  -0.166512  0.030754  
0.000000  -0.000000  -0.000000  -0.000000  -0.000000  -0.000000  -0.000000  -0.000000  -0.000000  -0.000000  -0.000000  0.000185  0.000301  -0.000094  0.000942  
0.000000  0.000000  0.000000  0.000000  0.000000  0.000000  0.000000  0.000000  0.000000  0.000000  0.000000  -0.001721  -0.002740  -0.003336  -0.016396  
0.000000  0.000000  0.000000  0.000000  0.000000  0.000000  0.000000  0.000000  0.000000  0.000000  0.000000  -0.019793  0.005633  -0.007647  0.001168  
-0.000000  -0.000000  -0.000000  -0.000000  -0.000000  -0.000000  -0.000000  -0.000000  -0.000000  -0.000000  -0.000000  -0.006012  -0.005302  0.005444  0.028003  
-0.000000  -0.000000  -0.000000  -0.000000  -0.000000  -0.000000  -0.000000  -0.000000  -0.000000  -0.000000  -0.000000  -0.032159  -0.044714  0.047933  0.023088  
0.000000  0.000000  0.000000  0.000000  0.000000  0.000000  0.000000  0.000000  0.000000  0.000000  0.000000  0.001515  0.002110  -0.003052  -0.002031  
0.000000  0.000000  0.000000  0.000000  0.000000  0.000000  0.000000  0.000000  0.000000  0.000000  0.000000  -0.015273  -0.004014  0.012058  0.021202  
-0.000000  -0.000000  -0.000000  -0.000000  -0.000000  -0.000000  -0.000000  -0.000000  -0.000000  -0.000000  -0.000000  -0.010443  -0.015028  0.021803  0.006060  
-0.000000  0.000000  0.000000  0.000000  0.000000  0.000000  0.000000  0.000000  0.000000  0.000000  0.000000  -0.215203  -0.220257  0.291722  0.108900  
0.000000  0.000000  0.000000  0.000000  0.000000  0.000000  0.000000  0.000000  0.000000  0.000000  0.000000  -0.265190  -0.198546  0.137233  0.038912  
0.000000  0.000000  0.000000  0.000000  0.000000  0.000000  0.000000  0.000000  0.000000  0.000000  0.000000  -0.001754  -0.003337  0.025161  0.026911  
-0.000000  -0.000000  -0.000000  -0.000000  -0.000000  -0.000000  -0.000000  -0.000000  -0.000000  -0.000000  -0.000000  -0.022297  -0.025757  -0.071866  -0.164069  
-0.000000  0.000000  0.000000  0.000000  0.000000  0.000000  0.000000  0.000000  0.000000  0.000000  0.000000  0.018687  0.020199  -0.017264  0.001283  
0.000000  0.000000  -0.000000  -0.000000  -0.000000  -0.000000  -0.000000  -0.000000  -0.000000  -0.000000  -0.000000  -0.010495  -0.013159  0.008545  -0.012222  
0.000000  0.000000  0.000000  0.000000  0.000000  0.000000  0.000000  0.000000  0.000000  0.000000  0.000000  0.000772  0.000891  0.000232  0.001691  
-0.000000  0.000000  0.000000  0.000000  0.000000  0.000000  0.000000  0.000000  0.000000  0.000000  0.000000  -0.015434  -0.017475  0.028917  0.013772  
0.000000  0.000000  0.000000  0.000000  0.000000  0.000000  0.000000  0.000000  0.000000  0.000000  0.000000  0.047739  0.044591  0.077155  0.171026  
0.000000  0.000000  0.000000  0.000000  0.000000  0.000000  0.000000  0.000000  0.000000  0.000000  0.000000  0.010538  0.004970  0.082913  0.110732  
0.000000  -0.000000  -0.000000  -0.000000  -0.000000  -0.000000  -0.000000  -0.000000  -0.000000  -0.000000  -0.000000  0.068853  0.077411  -0.126658  -0.060232  
-0.000000  -0.000000  -0.000000  -0.000000  -0.000000  -0.000000  -0.000000  -0.000000  -0.000000  -0.000000  -0.000000  -0.122589  -0.128382  0.072471  -0.071403  
0.000000  0.000000  -0.000000  -0.000000  -0.000000  -0.000000  -0.000000  -0.000000  -0.000000  -0.000000  -0.000000  -0.002427  -0.000008  -0.007578  -0.007227  
0.085140  0.045701  -0.095194  0.065411  -0.199620  -0.425556  0.491344  -0.591441  0.122813  -0.159391  -0.353081  0.000000  0.000000  0.000000  0.000000  
0.247310  -0.052810  -0.287310  -0.305281  0.106856  -0.363625  0.072942  0.048406  -0.481195  0.613754  0.027535  0.000000  -0.000000  -0.000000  -0.000000  
0.000000  0.000000  0.000000  0.000000  0.000000  0.000000  0.000000  0.000000  0.000000  0.000000  0.000000  0.005839  0.001752  0.010825  0.012232  
0.000000  0.000000  0.000000  0.000000  0.000000  0.000000  0.000000  0.000000  0.000000  0.000000  0.000000  0.160262  0.031068  0.232277  0.202172  
-0.000000  -0.000000  -0.000000  -0.000000  -0.000000  -0.000000  -0.000000  -0.000000  -0.000000  -0.000000  -0.000000  -0.008396  0.002747  -0.016116  -0.003252  
-0.000000  0.000000  0.000000  0.000000  0.000000  0.000000  0.000000  0.000000  0.000000  0.000000  0.000000  0.004553  -0.005419  0.009681  0.000919  
0.000000  0.000000  0.000000  0.000000  0.000000  0.000000  0.000000  0.000000  0.000000  0.000000  0.000000  -0.220479  0.152924  -0.014642  0.160165  
-0.000000  -0.000000  -0.000000  -0.000000  -0.000000  -0.000000  -0.000000  -0.000000  -0.000000  -0.000000  -0.000000  0.004594  -0.008348  0.007550  -0.012062  
0.000000  0.000000  -0.000000  -0.000000  -0.000000  -0.000000  -0.000000  -0.000000  -0.000000  -0.000000  -0.000000  0.002245  -0.010703  -0.031495  0.032165  
-0.000000  -0.000000  -0.000000  -0.000000  -0.000000  -0.000000  -0.000000  -0.000000  -0.000000  -0.000000  -0.000000  0.006870  -0.024062  -0.027034  0.021983  
0.000000  -0.000000  -0.000000  -0.000000  -0.000000  -0.000000  -0.000000  -0.000000  -0.000000  -0.000000  -0.000000  0.003502  -0.013475  -0.018167  0.014548  
-0.000000  -0.000000  0.000000  0.000000  0.000000  0.000000  0.000000  0.000000  0.000000  0.000000  0.000000  0.008456  0.002231  0.015934  0.018117  
0.218931  0.013139  0.321563  0.576906  0.528650  -0.449950  -0.078806  0.064195  0.092191  0.063685  0.104220  -0.000000  -0.000000  -0.000000  -0.000000  
0.312179  -0.238343  0.028338  -0.110085  0.479659  0.538086  0.006543  -0.529573  0.081069  0.154222  -0.048562  -0.000000  -0.000000  -0.000000  -0.000000  
-0.000000  0.000000  -0.000000  -0.000000  -0.000000  -0.000000  -0.000000  -0.000000  -0.000000  -0.000000  -0.000000  0.002137  -0.008435  -0.024350  0.025033  
-0.000000  -0.000000  -0.000000  -0.000000  -0.000000  -0.000000  -0.000000  -0.000000  -0.000000  -0.000000  -0.000000  -0.041349  -0.003076  -0.182247  0.238135  
0.267582  -0.065124  -0.290699  0.201645  -0.217545  0.047953  0.232258  -0.116651  0.037743  -0.108420  0.817702  -0.000000  -0.000000  -0.000000  -0.000000  
0.000000  0.000000  0.000000  0.000000  0.000000  0.000000  0.000000  0.000000  0.000000  0.000000  0.000000  0.000133  0.001043  0.000565  -0.000389  
0.000000  0.000000  0.000000  0.000000  0.000000  0.000000  0.000000  0.000000  0.000000  0.000000  0.000000  0.010600  -0.033596  -0.004725  0.054458  
0.000000  -0.000000  -0.000000  -0.000000  -0.000000  -0.000000  -0.000000  -0.000000  -0.000000  -0.000000  -0.000000  0.001358  -0.005125  -0.006854  0.005383  
0.000000  -0.000000  -0.000000  -0.000000  -0.000000  -0.000000  -0.000000  -0.000000  -0.000000  -0.000000  -0.000000  0.004824  -0.016418  -0.016416  0.012740  
-0.000000  -0.000000  -0.000000  -0.000000  -0.000000  -0.000000  -0.000000  -0.000000  -0.000000  -0.000000  -0.000000  -0.004748  0.001106  -0.008871  -0.001913  
0.000000  0.000000  0.000000  0.000000  0.000000  0.000000  0.000000  0.000000  0.000000  0.000000  0.000000  0.240292  -0.106221  0.199741  -0.058664  
0.000000  0.000000  0.000000  0.000000  0.000000  0.000000  0.000000  0.000000  0.000000  0.000000  0.000000  0.116578  -0.191199  0.184377  -0.213142  
0.000000  -0.000000  -0.000000  -0.000000  -0.000000  -0.000000  -0.000000  -0.000000  -0.000000  -0.000000  -0.000000  -0.046214  -0.012720  -0.079959  -0.088895  
0.000000  0.000000  0.000000  0.000000  0.000000  0.000000  0.000000  0.000000  0.000000  0.000000  0.000000  -0.021131  0.059009  0.028727  -0.029785  
-0.000000  0.000000  0.000000  0.000000  0.000000  0.000000  0.000000  0.000000  0.000000  0.000000  0.000000  -0.013344  0.048971  0.063170  -0.049388  
-0.000000  -0.000000  -0.000000  -0.000000  -0.000000  -0.000000  -0.000000  -0.000000  -0.000000  -0.000000  -0.000000  -0.004035  -0.006869  -0.010506  -0.005874  
0.000000  0.000000  0.000000  0.000000  0.000000  0.000000  0.000000  0.000000  0.000000  0.000000  0.000000  -0.004969  0.018564  0.023359  -0.019058  
0.000000  0.000000  0.000000  0.000000  0.000000  0.000000  0.000000  0.000000  0.000000  0.000000  0.000000  0.000962  0.001041  0.002747  0.001376  
-0.000000  -0.000000  -0.000000  -0.000000  -0.000000  -0.000000  -0.000000  -0.000000  -0.000000  -0.000000  -0.000000  0.027465  -0.097856  -0.115823  0.093410  
-0.000000  -0.000000  -0.000000  -0.000000  -0.000000  -0.000000  -0.000000  -0.000000  -0.000000  -0.000000  -0.000000  -0.000682  -0.006715  0.050061  -0.023431  
-0.000000  -0.000000  -0.000000  -0.000000  -0.000000  -0.000000  -0.000000  -0.000000  -0.000000  -0.000000  -0.000000  0.004362  -0.007173  0.011012  -0.014223  
-0.000000  -0.000000  -0.000000  -0.000000  -0.000000  -0.000000  -0.000000  -0.000000  -0.000000  -0.000000  -0.000000  0.098523  -0.283648  -0.266066  0.208354  
0.000000  0.000000  0.000000  0.000000  0.000000  0.000000  0.000000  0.000000  0.000000  0.000000  0.000000  0.044484  -0.014833  0.077110  0.014748  
0.372993  -0.518832  0.114241  0.318859  -0.487679  0.124180  -0.014707  0.209245  0.147640  0.288858  -0.272909  0.000000  -0.000000  -0.000000  -0.000000  
-0.000000  0.000000  0.000000  0.000000  0.000000  0.000000  0.000000  0.000000  0.000000  0.000000  0.000000  0.018149  -0.055259  -0.061109  0.040612  
-0.000000  -0.000000  -0.000000  -0.000000  -0.000000  -0.000000  -0.000000  -0.000000  -0.000000  -0.000000  -0.000000  -0.143989  0.037365  -0.194329  -0.085710  
0.190551  0.322635  0.003344  0.118768  -0.068255  0.134940  -0.003374  0.008562  -0.125601  0.008369  -0.081744  -0.000000  -0.000000  -0.000000  -0.000000  
-0.000000  -0.000000  -0.000000  -0.000000  -0.000000  -0.000000  -0.000000  -0.000000  -0.000000  -0.000000  -0.000000  0.001436  -0.010449  -0.008145  0.015887  
0.000000  -0.000000  -0.000000  -0.000000  -0.000000  -0.000000  -0.000000  -0.000000  -0.000000  -0.000000  -0.000000  -0.021171  0.028447  -0.041389  -0.001552  
-0.000000  0.000000  0.000000  0.000000  0.000000  0.000000  0.000000  0.000000  0.000000  0.000000  0.000000  -0.006517  0.001081  -0.010530  0.076882  
0.000000  0.000000  0.000000  0.000000  0.000000  0.000000  0.000000  0.000000  0.000000  0.000000  0.000000  0.066715  -0.157569  -0.113749  0.055019  
0.000000  0.000000  0.000000  0.000000  0.000000  0.000000  0.000000  0.000000  0.000000  0.000000  0.000000  -0.065416  0.192426  0.188264  -0.135610  
-0.000000  -0.000000  -0.000000  -0.000000  -0.000000  -0.000000  -0.000000  -0.000000  -0.000000  -0.000000  -0.000000  -0.210285  0.325449  -0.163263  0.153354  
-0.000000  0.000000  0.000000  0.000000  0.000000  0.000000  0.000000  0.000000  0.000000  0.000000  0.000000  -0.014586  0.054387  0.123909  -0.122239  
0.000000  0.000000  0.000000  0.000000  0.000000  0.000000  0.000000  0.000000  0.000000  0.000000  0.000000  -0.004877  0.018156  0.022562  -0.018464  
0.000000  0.000000  0.000000  0.000000  0.000000  0.000000  0.000000  0.000000  0.000000  0.000000  0.000000  -0.035988  0.119119  0.123169  -0.098198  
0.000000  0.000000  -0.000000  -0.000000  -0.000000  -0.000000  -0.000000  -0.000000  -0.000000  -0.000000  -0.000000  -0.028347  0.048441  -0.046552  0.064356  
0.000000  0.000000  0.000000  0.000000  0.000000  0.000000  0.000000  0.000000  0.000000  0.000000  0.000000  -0.141125  0.342317  0.323508  -0.277312  
-0.000000  -0.000000  -0.000000  -0.000000  -0.000000  -0.000000  -0.000000  -0.000000  -0.000000  -0.000000  -0.000000  -0.008930  0.010039  -0.130111  0.146168  
-0.000000  -0.000000  -0.000000  -0.000000  -0.000000  -0.000000  -0.000000  -0.000000  -0.000000  -0.000000  -0.000000  0.287291  -0.432824  0.021246  -0.133610  
0.000000  0.000000  0.000000  0.000000  0.000000  0.000000  0.000000  0.000000  0.000000  0.000000  0.000000  0.003172  -0.004763  0.006433  -0.001621  
-0.000000  -0.000000  -0.000000  -0.000000  -0.000000  -0.000000  -0.000000  -0.000000  -0.000000  -0.000000  -0.000000  -0.216749  -0.038863  -0.125124  0.051139  
-0.000000  -0.000000  -0.000000  -0.000000  -0.000000  -0.000000  -0.000000  -0.000000  -0.000000  -0.000000  -0.000000  -0.202218  -0.104182  -0.207516  -0.282135  
0.000000  0.000000  -0.000000  -0.000000  -0.000000  -0.000000  -0.000000  -0.000000  -0.000000  -0.000000  -0.000000  -0.001001  -0.000017  -0.003689  -0.004062  
0.271636  0.273379  -0.112403  -0.331454  0.125117  -0.042602  0.224588  0.332942  0.723125  0.164339  -0.017438  -0.000000  -0.000000  -0.000000  -0.000000  
-0.000000  -0.000000  0.000000  0.000000  0.000000  0.000000  0.000000  0.000000  0.000000  0.000000  0.000000  0.007913  -0.001454  0.027933  0.024917  
-0.000000  -0.000000  -0.000000  -0.000000  -0.000000  -0.000000  -0.000000  -0.000000  -0.000000  -0.000000  -0.000000  0.325047  0.002529  0.032769  -0.223843  
0.000000  0.000000  0.000000  0.000000  0.000000  0.000000  0.000000  0.000000  0.000000  0.000000  0.000000  -0.017615  0.062425  -0.056648  -0.090708  
0.000000  0.000000  0.000000  0.000000  0.000000  0.000000  0.000000  0.000000  0.000000  0.000000  0.000000  -0.004353  0.086753  0.069816  -0.130022  
0.000000  0.000000  0.000000  0.000000  0.000000  0.000000  0.000000  0.000000  0.000000  0.000000  0.000000  0.020696  0.031862  0.015214  0.087648  
