1.5708 1.5708 1.5708 
1.6708 1.6208 1.6208 
1.6657 1.63041 1.60962 
1.66575 1.63042 1.60956 
1.66575 1.63042 1.60956 
1.75564 1.69926 1.63708 
1.75061 1.70758 1.62588 
1.75065 1.7076 1.62582 
1.75065 1.7076 1.62582 
1.83065 1.79265 1.63083 
1.82595 1.79951 1.61961 
1.82598 1.79953 1.61957 
1.82598 1.79953 1.61957 
1.89678 1.89785 1.60204 
1.89252 1.90326 1.59084 
1.89255 1.90328 1.5908 
1.89255 1.90328 1.5908 
1.95505 2.01202 1.55079 
1.95128 2.01619 1.53959 
1.9513 2.01622 1.53954 
1.9513 2.01622 1.53954 
2.00648 2.13302 1.47701 
2.00319 2.13633 1.46566 
2.0032 2.13637 1.4656 
2.0032 2.13637 1.4656 
2.05198 2.25969 1.38013 
2.04914 2.26269 1.36823 
2.04915 2.26273 1.36816 
2.04915 2.26273 1.36816 
2.09239 2.39219 1.25842 
2.08993 2.3956 1.24515 
2.08994 2.39565 1.24507 
2.08994 2.39565 1.24507 
2.1284 2.53239 1.10785 
2.12628 2.53728 1.09153 
2.12629 2.53737 1.09139 
2.12629 2.53737 1.09139 
2.16062 2.68496 0.919517 
2.15879 2.69358 0.895979 
2.1588 2.69376 0.895665 
2.1588 2.69376 0.895665 
2.12803 2.5215 1.11984 
2.12627 2.61708 1.10871 
2.12629 2.62304 1.09568 
2.12629 2.62307 1.09561 
2.12629 2.62307 1.09561 
2.09196 2.56401 1.27555 
2.08993 2.57307 1.26094 
2.08994 2.5731 1.26086 
2.08994 2.5731 1.26086 
2.05148 2.53143 1.41311 
2.04914 2.53865 1.40255 
2.04915 2.53866 1.4025 
2.04915 2.53866 1.4025 
2.00591 2.5111 1.53437 
2.00319 2.51748 1.52581 
2.0032 2.51749 1.52578 
2.0032 2.51749 1.52578 
1.95442 2.50254 1.6409 
1.95129 2.50852 1.63336 
1.9513 2.50853 1.63334 
1.9513 2.50853 1.63334 
1.89613 2.50547 1.73353 
1.89253 2.51125 1.72645 
1.89255 2.51125 1.72642 
1.89255 2.51125 1.72642 
1.83005 2.51969 1.81246 
1.82596 2.52527 1.80547 
1.82598 2.52527 1.80544 
1.82598 2.52527 1.80544 
1.75518 2.54478 1.87742 
1.75063 2.55005 1.87028 
1.75065 2.55005 1.87025 
1.75065 2.55005 1.87025 
1.67065 2.57994 1.92781 
1.66572 2.58466 1.9204 
1.66575 2.58467 1.92037 
1.66575 2.58467 1.92037 
1.57586 2.62376 1.96295 
1.57077 2.62764 1.95522 
1.5708 2.62764 1.95519 
1.5708 2.62764 1.95519 
1.5708 2.46719 2.0361 
1.5708 2.46568 2.02505 
1.5708 2.46577 2.025 
1.5708 2.46577 2.025 
1.5708 2.30292 2.08343 
1.5708 2.30319 2.07149 
1.5708 2.30326 2.07145 
1.5708 2.30326 2.07145 
1.5708 2.14193 2.10565 
1.5708 2.14502 2.09298 
1.5708 2.14507 2.09295 
1.5708 2.14507 2.09295 
1.5708 1.99112 2.10161 
1.5708 1.9976 2.08866 
1.5708 1.99761 2.08863 
1.5708 1.99761 2.08863 
1.5708 1.85773 2.07137 
1.5708 1.8673 2.0587 
1.5708 1.86728 2.05867 
1.5708 1.86728 2.05867 
1.5708 1.74733 2.01622 
1.5708 1.759 2.00428 
1.5708 1.75897 2.00424 
1.5708 1.75897 2.00424 
1.5708 1.66271 1.93813 
1.5708 1.67526 1.92709 
1.5708 1.67523 1.92703 
1.5708 1.67523 1.92703 
1.5708 1.60408 1.83901 
1.5708 1.61656 1.82871 
1.5708 1.61654 1.82864 
1.5708 1.61654 1.82864 
1.5708 1.57017 1.72005 
1.5708 1.58211 1.71006 
1.5708 1.5821 1.71 
1.5708 1.5821 1.71 
1.5708 1.55939 1.58125 
1.5708 1.5708 1.57086 
1.5708 1.5708 1.5708 
1.5708 1.5708 1.5708 
